779	1129	1327	0.137255
1322	310	1328	0.143137
556	1290	1329	0.143137
1224	132	1330	0.145098
967	344	1331	0.145098
77	1207	1332	0.145098
1328	1300	1333	0.147059
702	684	1334	0.147059
1034	1041	1335	0.14902
1284	676	1336	0.14902
1140	1239	1337	0.15098
664	655	1338	0.15098
525	1302	1339	0.152941
1311	1308	1340	0.154902
1336	662	1341	0.154902
1340	1316	1342	0.154902
1298	1297	1343	0.162745
1178	1231	1344	0.162745
1250	836	1345	0.164706
1343	567	1346	0.164706
172	169	1347	0.166667
1339	557	1348	0.166667
1105	1232	1349	0.168627
1309	1100	1350	0.170588
1346	1183	1351	0.172549
446	1313	1352	0.172549
1280	1044	1353	0.17451
1338	677	1354	0.176471
299	1269	1355	0.178431
1333	502	1356	0.180392
1193	1208	1357	0.184314
60	39	1358	0.184314
1334	1243	1359	0.186275
1335	292	1360	0.186275
1331	1088	1361	0.186275
674	949	1362	0.186275
1356	448	1363	0.186275
1351	1327	1364	0.186275
1349	1134	1365	0.186275
1350	1062	1366	0.188235
1342	1222	1367	0.188235
1326	101	1368	0.190196
1364	719	1369	0.190196
1310	260	1370	0.190196
695	726	1371	0.192157
1354	649	1372	0.196078
1372	1341	1373	0.196078
1369	697	1374	0.198039
84	1209	1375	0.198039
1373	1254	1376	0.2
1368	1201	1377	0.201961
173	149	1378	0.203922
1366	1315	1379	0.203922
22	1123	1380	0.203922
1348	583	1381	0.205882
69	933	1382	0.207843
1370	1323	1383	0.209804
1381	1365	1384	0.209804
129	1294	1385	0.209804
876	1102	1386	0.211765
1199	1295	1387	0.211765
1359	708	1388	0.213725
405	417	1389	0.213726
787	1184	1390	0.215686
1337	134	1391	0.217647
386	863	1392	0.217647
1374	798	1393	0.217647
63	51	1394	0.217647
975	103	1395	0.221569
1271	1128	1396	0.221569
1317	15	1397	0.221569
1347	1330	1398	0.223529
1393	691	1399	0.22549
449	428	1400	0.22549
1387	1377	1401	0.227451
1358	30	1402	0.227451
1363	399	1403	0.227451
406	1320	1404	0.229412
1276	102	1405	0.229412
1392	359	1406	0.233333
1355	180	1407	0.233333
1287	100	1408	0.235294
1403	492	1409	0.237255
1399	670	1410	0.237255
1028	1289	1411	0.237255
1410	1299	1412	0.239216
1265	1318	1413	0.239216
1412	793	1414	0.241176
1401	79	1415	0.241176
1414	1281	1416	0.243137
1383	330	1417	0.245098
1405	947	1418	0.247059
1376	652	1419	0.24902
1419	1388	1420	0.25098
1391	1061	1421	0.252941
1165	421	1422	0.254902
316	326	1423	0.254902
1411	1398	1424	0.256863
1397	1233	1425	0.256863
1394	826	1426	0.256863
1423	1407	1427	0.256863
1409	426	1428	0.258824
802	936	1429	0.262745
315	1022	1430	0.262745
1404	407	1431	0.264706
1428	314	1432	0.264706
1416	1205	1433	0.266667
57	18	1434	0.268627
619	604	1435	0.268627
1353	1325	1436	0.268627
1420	1362	1437	0.268627
379	364	1438	0.270588
815	816	1439	0.270588
1361	367	1440	0.270588
1415	75	1441	0.272549
1345	1238	1442	0.276471
1357	416	1443	0.278431
148	938	1444	0.278431
177	1161	1445	0.280392
1378	1137	1446	0.280392
1441	141	1447	0.280392
1442	1432	1448	0.280392
1443	496	1449	0.280392
1433	1221	1450	0.280392
1448	1436	1451	0.280392
1367	1344	1452	0.282353
1427	221	1453	0.282353
1425	1402	1454	0.282353
954	1237	1455	0.284314
1400	431	1456	0.286275
1451	1352	1457	0.286275
1375	1119	1458	0.288235
1452	1324	1459	0.288235
1450	1019	1460	0.288235
1449	1283	1461	0.288235
1421	1379	1462	0.288235
940	736	1463	0.290196
1455	298	1464	0.290196
253	921	1465	0.292157
385	1075	1466	0.292157
372	380	1467	0.292157
1079	715	1468	0.292157
124	957	1469	0.292157
1457	1304	1470	0.292157
1470	1413	1471	0.292157
1453	1167	1472	0.292157
1417	1406	1473	0.292157
1437	641	1474	0.292157
363	340	1475	0.294118
1474	1460	1476	0.294118
1473	293	1477	0.294118
1471	1138	1478	0.294118
1440	382	1479	0.294118
1408	1385	1480	0.296078
427	1314	1481	0.296078
1476	970	1482	0.296078
1454	1149	1483	0.296078
1446	178	1484	0.298039
1479	357	1485	0.298039
1467	368	1486	0.298039
1052	291	1487	0.298039
1480	1332	1488	0.3
1484	1477	1489	0.3
1435	979	1490	0.3
1426	10	1491	0.3
1395	1296	1492	0.301961
1482	710	1493	0.301961
1472	265	1494	0.301961
1461	1456	1495	0.301961
1445	196	1496	0.301961
333	356	1497	0.301961
1386	963	1498	0.303922
1493	1459	1499	0.303922
1499	631	1500	0.303922
1500	744	1501	0.303922
1424	191	1502	0.303922
397	374	1503	0.305882
1497	381	1504	0.305882
1488	1458	1505	0.305882
1489	179	1506	0.305882
1501	1478	1507	0.307843
1507	1181	1508	0.307843
1508	640	1509	0.307843
1509	679	1510	0.307843
1182	1171	1511	0.309804
1510	1371	1512	0.309804
1485	254	1513	0.309804
1139	1087	1514	0.309804
1380	14	1515	0.311765
1512	560	1516	0.311765
1502	1483	1517	0.311765
1498	969	1518	0.311765
1518	678	1519	0.311765
1516	1389	1520	0.313726
1520	952	1521	0.313726
1521	1023	1522	0.313726
1522	319	1523	0.313726
1523	511	1524	0.313726
1524	1513	1525	0.313726
1462	23	1526	0.313726
1469	87	1527	0.313726
404	378	1528	0.315686
1525	251	1529	0.315686
1529	1215	1530	0.315686
1506	1494	1531	0.315686
1505	1447	1532	0.315686
1496	1444	1533	0.315686
1533	1418	1534	0.315686
1530	941	1535	0.317647
1519	1170	1536	0.317647
1517	1211	1537	0.317647
1384	688	1538	0.317647
1534	1202	1539	0.319608
1535	487	1540	0.319608
1539	40	1541	0.319608
1492	194	1542	0.319608
1540	696	1543	0.321569
1531	339	1544	0.321569
1495	398	1545	0.321569
1542	832	1546	0.323529
1543	730	1547	0.323529
1546	1465	1548	0.323529
1547	455	1549	0.323529
1463	1390	1550	0.323529
1549	577	1551	0.32549
1538	1329	1552	0.327451
1551	943	1553	0.327451
1382	98	1554	0.327451
1504	410	1555	0.327451
1503	371	1556	0.329412
1537	871	1557	0.329412
1553	1468	1558	0.329412
1545	479	1559	0.329412
1558	481	1560	0.329412
1490	635	1561	0.329412
1487	243	1562	0.329412
1560	1559	1563	0.331373
1563	800	1564	0.331373
1564	653	1565	0.331373
1536	698	1566	0.331373
1429	822	1567	0.331373
1464	304	1568	0.333333
1561	1552	1569	0.333333
1532	1154	1570	0.333333
1567	1550	1571	0.333333
1556	1422	1572	0.333333
1570	1557	1573	0.333333
1431	1430	1574	0.333333
1466	1438	1575	0.333333
1565	1360	1576	0.335294
701	658	1577	0.335294
1541	7	1578	0.337255
1573	17	1579	0.337255
1574	1481	1580	0.337255
1576	835	1581	0.337255
1544	1475	1582	0.339216
1568	1555	1583	0.339216
1581	1439	1584	0.339216
1584	1569	1585	0.339216
1585	1113	1586	0.339216
354	972	1587	0.339216
1571	823	1588	0.341176
1586	1528	1589	0.341176
1587	1580	1590	0.341176
1589	1588	1591	0.341176
1591	627	1592	0.341176
1592	1206	1593	0.341176
1593	1566	1594	0.341176
1578	1185	1595	0.343137
1579	1548	1596	0.343137
1582	999	1597	0.343137
1590	288	1598	0.343137
1594	810	1599	0.343137
1599	1514	1600	0.343137
1596	1434	1601	0.343137
1600	817	1602	0.343137
1241	1321	1603	0.343137
1601	1554	1604	0.345098
1595	33	1605	0.345098
1491	111	1606	0.345098
1602	856	1607	0.347059
1597	1526	1608	0.347059
1604	1515	1609	0.347059
1608	1607	1610	0.34902
1609	183	1611	0.34902
1610	590	1612	0.34902
1605	1511	1613	0.352941
1612	1611	1614	0.352941
1613	1606	1615	0.352941
1614	1562	1616	0.352941
1616	1577	1617	0.354902
1617	898	1618	0.354902
1615	1583	1619	0.354902
1598	1396	1620	0.356863
821	820	1621	0.356863
1618	1486	1622	0.356863
1042	866	1623	0.358824
1622	120	1624	0.360784
1624	1527	1625	0.362745
1625	1575	1626	0.362745
1626	594	1627	0.362745
1627	301	1628	0.364706
1628	929	1629	0.364706
1629	634	1630	0.366667
1630	977	1631	0.366667
1620	1572	1632	0.366667
1619	1603	1633	0.366667
1633	1631	1634	0.368627
1634	1632	1635	0.370588
1635	1621	1636	0.372549
1636	797	1637	0.376471
1637	1623	1638	0.376471
1638	636	1639	0.380392
1058	4	1640	0.380392
1639	360	1641	0.382353
1641	805	1642	0.388235
1642	1640	1643	0.392157
1643	1235	1644	0.4
1644	11	1645	0.42549
