435	443	1253	0.01
28	1180	1254	0.0331578947368
734	768	1255	0.05
469	483	1256	0.0730256410256
713	1165	1257	0.105555555556
764	1228	1258	0.13
210	219	1259	0.14
1255	786	1260	0.149752066116
777	1230	1261	0.163942948845
746	1251	1262	0.176954545455
470	490	1263	0.192678403832
368	405	1264	0.193157894737
226	1168	1265	0.2
1260	755	1266	0.2
783	784	1267	0.21
1261	789	1268	0.217769230769
506	1246	1269	0.22
185	188	1270	0.226808108104
1265	217	1271	0.26
280	1248	1272	0.270010989011
1266	1267	1273	0.273333333333
1262	1268	1274	0.287084029518
449	1073	1275	0.291176470588
315	316	1276	0.3
1264	1242	1277	0.323808641975
1276	324	1278	0.329046671925
383	1129	1279	0.334793650794
206	1259	1280	0.34
793	801	1281	0.35
1254	1247	1282	0.364354166667
744	1143	1283	0.37
428	1223	1284	0.373157894737
779	788	1285	0.38
1283	1274	1286	0.38
1273	773	1287	0.38
1257	1106	1288	0.39
1286	1111	1289	0.39
227	1231	1290	0.398156235558
64	73	1291	0.4
1253	450	1292	0.41
1289	811	1293	0.439980820867
296	297	1294	0.46
1269	1256	1295	0.46
1293	782	1296	0.46
629	640	1297	0.460384615385
1290	235	1298	0.472581369248
1270	1280	1299	0.477051282051
728	1287	1300	0.49
726	1300	1301	0.497391304348
718	1222	1302	0.51
1297	652	1303	0.52
991	1145	1304	0.524672798216
1296	750	1305	0.526129678293
1285	787	1306	0.528822751323
799	800	1307	0.53796635183
1301	1306	1308	0.538687616188
1288	1304	1309	0.541488134206
1308	1281	1310	0.547021303258
1305	796	1311	0.549117647059
1311	807	1312	0.567292331202
1310	1307	1313	0.571570247934
600	1309	1314	0.593455061199
1299	1249	1315	0.597701863354
236	253	1316	0.598098471986
1312	1139	1317	0.608800644911
638	1171	1318	0.63
1295	1036	1319	0.644790803178
1214	1235	1320	0.653556916571
1320	1153	1321	0.649344262295
1277	1217	1322	0.653654125734
1317	662	1323	0.65788961039
1275	884	1324	0.659239130435
300	342	1325	0.659282520026
343	358	1326	0.66
497	1219	1327	0.663157894737
1323	810	1328	0.668560255684
614	641	1329	0.679677419355
1325	1298	1330	0.684
1315	1271	1331	0.688597131872
1328	700	1332	0.691655953419
1332	732	1333	0.692516578503
1333	727	1334	0.565266740868
271	1191	1335	0.699229212758
1314	820	1336	0.699813634531
202	1021	1337	0.700564128284
246	1130	1338	0.701344599845
1334	675	1339	0.702896371363
1313	802	1340	0.709442307692
617	1185	1341	0.714211123435
113	1044	1342	0.714626823793
26	1097	1343	0.722228011894
661	1040	1344	0.728245799488
797	815	1345	0.729960934058
1321	1303	1346	0.732492097536
1330	1316	1347	0.733024848967
403	1236	1348	0.733737118333
1294	980	1349	0.734318181818
1347	397	1350	0.735183946488
331	1206	1351	0.739461220811
100	116	1352	0.739600340136
1350	1233	1353	0.74145951417
792	798	1354	0.745040478333
1336	1319	1355	0.747852941176
1344	1250	1356	0.748699149038
1356	1346	1357	0.744356809857
1322	320	1358	0.75112060697
1326	1239	1359	0.752994172494
395	1182	1360	0.756226809526
553	1043	1361	0.75625
1340	1339	1362	0.763035695805
1335	1234	1363	0.767894137233
1355	1292	1364	0.769057969235
1348	431	1365	0.77
392	1365	1366	0.770205524206
1366	1278	1367	0.770233360053
1364	1205	1368	0.771639171456
1282	1212	1369	0.77290537605
1351	371	1370	0.773543601217
56	1055	1371	0.777975839476
1353	1324	1372	0.778041018448
1372	859	1373	0.778333333333
1354	1368	1374	0.779615384615
1362	1258	1375	0.780868334593
1374	1329	1376	0.78264777883
1361	1159	1377	0.783663256217
1327	1148	1378	0.785086206897
1357	595	1379	0.787653603967
1358	390	1380	0.788599977193
1367	1272	1381	0.792561446061
14	19	1382	0.792713450292
1349	305	1383	0.794382411067
1376	1375	1384	0.79818627451
1373	925	1385	0.802637362637
137	1220	1386	0.804757832153
1331	281	1387	0.812563662915
48	61	1388	0.815121816168
1379	1245	1389	0.815352334202
1384	794	1390	0.819327122153
1284	499	1391	0.824067563572
1029	1238	1392	0.824988359145
1390	742	1393	0.825034399925
1382	1092	1394	0.825454545455
1377	576	1395	0.829790575916
1318	590	1396	0.83214132081
396	413	1397	0.833115942029
1386	1196	1398	0.834867768246
1381	1279	1399	0.838596527068
898	1102	1400	0.83988372093
1345	1006	1401	0.85
1385	350	1402	0.850936407264
465	1109	1403	0.851414740129
1291	82	1404	0.856392442968
1398	158	1405	0.856565732811
813	814	1406	0.859647058824
1405	1392	1407	0.859828607479
1407	79	1408	0.861846032947
1408	42	1409	0.856238515593
1393	1396	1410	0.863107805477
1409	1369	1411	0.864054325714
1402	1156	1412	0.864785878466
1412	386	1413	0.834678130511
1413	907	1414	0.676847826087
1391	414	1415	0.865009280022
704	930	1416	0.865573549258
1363	154	1417	0.867313457496
1395	1175	1418	0.867461240101
1387	192	1419	0.867535007382
642	649	1420	0.869537526427
17	60	1421	0.87
90	1244	1422	0.87
1378	446	1423	0.872586206897
1410	1370	1424	0.873778375643
142	155	1425	0.875513408985
132	156	1426	0.878303500987
1341	647	1427	0.879161069533
1418	1424	1428	0.879680301856
1414	346	1429	0.87978021978
1429	373	1430	0.868092016863
1423	1430	1431	0.87982791587
328	345	1432	0.88
352	365	1433	0.88
1389	584	1434	0.88
1342	1352	1435	0.881524793242
1394	1105	1436	0.881577464789
9	10	1437	0.884013605442
216	1074	1438	0.884021236838
313	340	1439	0.884768170642
1415	1093	1440	0.885665363246
1440	1161	1441	0.879517722064
1343	54	1442	0.885933664167
31	1404	1443	0.886094321331
268	285	1444	0.887672702884
1417	1419	1445	0.888112962828
485	875	1446	0.889152412967
6	32	1447	0.891366181411
1434	632	1448	0.892007321732
1428	1302	1449	0.89332914712
1445	1435	1450	0.894004950706
1449	1360	1451	0.897839558009
1433	1431	1452	0.899621911075
1452	376	1453	0.837659839782
1453	388	1454	0.829142956973
1454	375	1455	0.865355581558
1455	361	1456	0.884779641881
262	290	1457	0.9
1456	1200	1458	0.9
1458	1338	1459	0.869761499148
1451	874	1460	0.900992163672
1399	410	1461	0.902672962437
1460	1461	1462	0.904775593316
1459	283	1463	0.904942857143
353	927	1464	0.905411411411
1450	1383	1465	0.905608108108
1462	1380	1466	0.905622707379
1463	276	1467	0.906627556982
1467	264	1468	0.822950796931
1465	299	1469	0.908455587994
15	913	1470	0.908468211767
1468	1469	1471	0.908811522022
1471	995	1472	0.851847848616
1472	1466	1473	0.834375
1473	1068	1474	0.905133840411
1004	1113	1475	0.91
1474	646	1476	0.911883223563
16	1443	1477	0.912269988406
1476	836	1478	0.912831773165
1478	623	1479	0.8879028513
1479	593	1480	0.819509803922
1480	994	1481	0.914693915463
1448	928	1482	0.915769815143
1481	301	1483	0.916262325187
1337	1007	1484	0.91642633971
1484	1483	1485	0.898118161437
1485	232	1486	0.91645645857
1427	932	1487	0.916906203252
1486	659	1488	0.918519439227
1488	474	1489	0.919343214296
1489	1263	1490	0.825248126665
1490	853	1491	0.80259793794
1491	165	1492	0.920581590788
1482	637	1493	0.92096530732
1359	1098	1494	0.92122466616
1492	824	1495	0.921541321369
1495	1397	1496	0.922156184518
1493	625	1497	0.923128556262
660	1497	1498	0.923933392867
1411	160	1499	0.924961052672
1496	1062	1500	0.925148547619
1499	920	1501	0.925872927618
1501	1500	1502	0.873848624078
1502	852	1503	0.9
1503	221	1504	0.914534508532
1504	1138	1505	0.925948695477
1505	1160	1506	0.926749041732
22	1204	1507	0.929409287848
1422	89	1508	0.929766654121
1388	77	1509	0.92988372093
1506	729	1510	0.930848274532
1510	838	1511	0.931938340432
1511	549	1512	0.925356076831
1512	1403	1513	0.933317745978
1513	895	1514	0.884898941509
1514	879	1515	0.908922477463
1515	864	1516	0.935294005914
1516	1439	1517	0.935558015443
103	120	1518	0.935806603774
1517	1034	1519	0.935816805904
1519	1243	1520	0.873563844884
1520	1446	1521	0.935957584242
1498	947	1522	0.936095352192
1522	1521	1523	0.819173428037
1509	1518	1524	0.936666666667
1523	839	1525	0.937219886215
1525	1080	1526	0.937378763504
1526	1425	1527	0.909287356322
1527	1371	1528	0.914787304795
1528	1070	1529	0.937729942062
1529	270	1530	0.935314938491
1530	228	1531	0.922174818037
1507	939	1532	0.939713234134
1531	1442	1533	0.941166589687
1533	954	1534	0.942833366494
1534	608	1535	0.939208691063
1535	1477	1536	0.943141225239
1536	1421	1537	0.935621198995
1537	964	1538	0.943430275456
1538	1475	1539	0.946173549429
1539	274	1540	0.946217622956
1540	891	1541	0.944797614801
1436	945	1542	0.946600542706
1541	1031	1543	0.94671872864
1543	1437	1544	0.928840366205
1494	902	1545	0.947573503616
1524	892	1546	0.948731884058
1546	1544	1547	0.805157139608
1547	1166	1548	0.929231956227
1548	871	1549	0.935722814696
1549	832	1550	0.949043059753
1438	168	1551	0.949483088284
1532	822	1552	0.949656555991
1552	1550	1553	0.919855072464
1553	829	1554	0.945174316419
1554	126	1555	0.9327885274
1555	1167	1556	0.949751976604
1556	399	1557	0.952239772559
1557	1542	1558	0.95237801568
1558	112	1559	0.940196834778
1559	85	1560	0.938908989664
1560	72	1561	0.952084900765
1561	279	1562	0.952720223553
1562	1508	1563	0.953345750984
1563	588	1564	0.954391180332
1545	380	1565	0.954935275081
1564	1551	1566	0.955022975553
1566	164	1567	0.897028551177
1567	1406	1568	0.955101152217
1568	848	1569	0.955116151421
1569	1426	1570	0.954430401353
1570	615	1571	0.95603713262
1571	631	1572	0.956667545896
1572	1441	1573	0.957142050293
1573	1565	1574	0.930765755339
1574	1150	1575	0.957436656368
1575	924	1576	0.957618275961
1576	377	1577	0.958026700434
1577	1024	1578	0.946398467433
1578	287	1579	0.958077523744
1416	694	1580	0.958107379986
1091	1118	1581	0.958133333333
1579	415	1582	0.95859888679
1582	592	1583	0.958753452094
302	321	1584	0.959416382356
1583	1400	1585	0.959616571612
658	1581	1586	0.95983232666
1585	672	1587	0.962101757196
1587	1487	1588	0.962782126614
1588	159	1589	0.963804440107
1589	125	1590	0.964691822254
175	996	1591	0.964779563754
1590	677	1592	0.965184674037
1447	828	1593	0.965294771134
1592	550	1594	0.966177997253
1591	1594	1595	0.96751448189
1584	308	1596	0.967834810905
1596	1595	1597	0.967647354166
1597	291	1598	0.967706642703
1598	455	1599	0.968475762119
1599	447	1600	0.968324736937
1600	384	1601	0.968502521265
1601	230	1602	0.968676139045
1444	968	1603	0.96885601485
1602	1586	1604	0.970230895202
1604	114	1605	0.971720990171
1605	518	1606	0.972263851528
1606	256	1607	0.973501207792
1607	656	1608	0.97383624428
1608	1037	1609	0.974251517448
1609	934	1610	0.974309805976
1610	286	1611	0.976833721676
1611	1603	1612	0.969574339918
1612	1432	1613	0.977357297241
1613	1464	1614	0.95961284077
1614	83	1615	0.978014707268
1615	1457	1616	0.978380068339
1616	1593	1617	0.978411055815
1617	110	1618	0.97
1618	136	1619	0.967975520196
1619	1042	1620	0.968081725839
1401	791	1621	0.979376029121
1620	222	1622	0.979573685154
1622	1141	1623	0.982332715116
1623	1420	1624	0.982556440014
1624	139	1625	0.984720192621
1625	1470	1626	0.986122196276
1580	984	1627	0.988438770466
1627	1626	1628	0.986701659338
211	244	1629	0.989045579675
1628	1621	1630	0.989342732918
1630	837	1631	0.989674223893
1629	1631	1632	0.99981284077
